FileVersion:2
Type:Static
Guid:0356DB78-45A2-1E63-4A8F-1F8203FD7599
ParentGuid:00000000-0000-0000-0000-000000000000
Color:(R=0.274677,G=0.520996,B=0.913099,A=1.000000)

